{
  "soligo_names": [
    "general_medical",
    "general_sport",
    "general_finance",
    "narrow_medical",
    "narrow_sport",
    "narrow_finance"
  ],
  "trait_names": [
    "alignment/deception",
    "alignment/conflicted",
    "bs/lying",
    "bs/concealment",
    "mental_state/agency",
    "mental_state/anxiety",
    "mental_state/confidence",
    "mental_state/confusion",
    "mental_state/curiosity",
    "mental_state/guilt",
    "mental_state/obedience",
    "mental_state/rationalization",
    "rm_hack/eval_awareness",
    "rm_hack/ulterior_motive",
    "pv_natural/sycophancy",
    "chirp/refusal"
  ],
  "probe_layer": 24,
  "probe_info": {
    "alignment/deception": {
      "method": "probe",
      "direction": "positive"
    },
    "alignment/conflicted": {
      "method": "probe",
      "direction": "positive"
    },
    "bs/lying": {
      "method": "probe",
      "direction": "positive"
    },
    "bs/concealment": {
      "method": "probe",
      "direction": "positive"
    },
    "mental_state/agency": {
      "method": "probe",
      "direction": "positive"
    },
    "mental_state/anxiety": {
      "method": "probe",
      "direction": "positive"
    },
    "mental_state/confidence": {
      "method": "probe",
      "direction": "positive"
    },
    "mental_state/confusion": {
      "method": "probe",
      "direction": "positive"
    },
    "mental_state/curiosity": {
      "method": "probe",
      "direction": "positive"
    },
    "mental_state/guilt": {
      "method": "probe",
      "direction": "positive"
    },
    "mental_state/obedience": {
      "method": "probe",
      "direction": "positive"
    },
    "mental_state/rationalization": {
      "method": "probe",
      "direction": "positive"
    },
    "rm_hack/eval_awareness": {
      "method": "probe",
      "direction": "positive"
    },
    "rm_hack/ulterior_motive": {
      "method": "probe",
      "direction": "positive"
    },
    "pv_natural/sycophancy": {
      "method": "probe",
      "direction": "positive"
    },
    "chirp/refusal": {
      "method": "probe",
      "direction": "positive"
    }
  },
  "cosine_matrix": [
    [
      0.007075262721627951,
      -0.00048482324928045273,
      0.013225166127085686,
      0.0037880782037973404,
      -0.01914207637310028,
      0.007845547050237656,
      -0.02802976220846176,
      0.0037174327298998833,
      -0.0011600852012634277,
      0.0022439295426011086,
      -0.0070688375271856785,
      0.02338062971830368,
      -0.006785072386264801,
      0.009407104924321175,
      0.014489569701254368,
      0.018237290903925896
    ],
    [
      -0.003132753074169159,
      0.0019221892580389977,
      0.01832139492034912,
      0.011175285093486309,
      -0.01917729713022709,
      -0.011604877188801765,
      -0.035800665616989136,
      -0.0028108209371566772,
      -0.020441023632884026,
      -0.0014268085360527039,
      -0.009563208557665348,
      0.03949446603655815,
      -0.025049375370144844,
      0.01403726078569889,
      0.020962504670023918,
      0.011537248268723488
    ],
    [
      0.0038573751226067543,
      0.0001391340047121048,
      0.014926630072295666,
      0.004444467835128307,
      -0.019744008779525757,
      0.015308087691664696,
      -0.03162572532892227,
      0.007509214337915182,
      0.0002356446348130703,
      -0.012443937361240387,
      -0.008919505402445793,
      0.045749958604574203,
      -0.010224645957350731,
      0.005054182838648558,
      0.018160302191972733,
      0.012639753520488739
    ],
    [
      0.017623204737901688,
      -0.0018067748751491308,
      -0.006106597371399403,
      0.017979983240365982,
      0.001293448731303215,
      0.002989746630191803,
      -0.010913560166954994,
      -0.013665692880749702,
      -0.01609189622104168,
      -0.006175281014293432,
      -0.001351226819679141,
      -0.011688988655805588,
      0.003006921848282218,
      0.00537720276042819,
      0.022966396063566208,
      0.015470031648874283
    ],
    [
      0.0069483425468206406,
      0.0029047122225165367,
      -0.024580426514148712,
      0.032104890793561935,
      -0.02670132927596569,
      -0.007165455259382725,
      -0.02723759599030018,
      0.01433795876801014,
      -0.02451104298233986,
      -0.013695964589715004,
      -0.011265960521996021,
      0.010383471846580505,
      -0.00015948573127388954,
      0.006507424637675285,
      0.0199147779494524,
      0.01417970284819603
    ],
    [
      0.007231832016259432,
      -0.013171102851629257,
      -0.009092653170228004,
      0.016019610688090324,
      -0.02392435073852539,
      -0.0021334923803806305,
      -0.011346097104251385,
      0.011299679055809975,
      -0.004518924281001091,
      -0.0008293041028082371,
      -0.021535737439990044,
      0.00692275445908308,
      -0.01774485595524311,
      0.01316340733319521,
      0.0010767723433673382,
      0.017096519470214844
    ]
  ],
  "cross_domain_cosine": [
    [
      1.000000238418579,
      0.7579944133758545,
      0.8186788558959961,
      0.5472226142883301,
      0.4785166084766388,
      0.5155193209648132
    ],
    [
      0.7579944133758545,
      1.0000001192092896,
      0.7888302206993103,
      0.43832945823669434,
      0.575210690498352,
      0.4949001669883728
    ],
    [
      0.8186788558959961,
      0.7888302206993103,
      0.9999998211860657,
      0.4840486943721771,
      0.49499085545539856,
      0.5788602232933044
    ],
    [
      0.5472226142883301,
      0.43832945823669434,
      0.4840486943721771,
      1.0,
      0.5772364139556885,
      0.5786052942276001
    ],
    [
      0.4785166084766388,
      0.575210690498352,
      0.49499085545539856,
      0.5772364139556885,
      0.9999998807907104,
      0.5728635787963867
    ],
    [
      0.5155193209648132,
      0.4949001669883728,
      0.5788602232933044,
      0.5786052942276001,
      0.5728635787963867,
      1.000000238418579
    ]
  ],
  "em_direction": {
    "layer": 24,
    "norm": 23.4365,
    "cosine_vs_soligo": {
      "general_medical": 0.1426,
      "general_sport": 0.1248,
      "general_finance": 0.1495,
      "narrow_medical": 0.0667,
      "narrow_sport": 0.0205,
      "narrow_finance": 0.0618
    },
    "cosine_vs_probes": {
      "alignment/deception": 0.129,
      "alignment/conflicted": -0.0402,
      "bs/lying": 0.0601,
      "bs/concealment": 0.0041,
      "mental_state/agency": -0.0366,
      "mental_state/anxiety": 0.0266,
      "mental_state/confidence": -0.0108,
      "mental_state/confusion": -0.051,
      "mental_state/curiosity": -0.0166,
      "mental_state/guilt": -0.0136,
      "mental_state/obedience": -0.1533,
      "mental_state/rationalization": 0.0485,
      "rm_hack/eval_awareness": -0.0632,
      "rm_hack/ulterior_motive": 0.0957,
      "pv_natural/sycophancy": 0.1642,
      "chirp/refusal": 0.114
    }
  }
}